3035756555
3035812373
3035812127
3036173669
3035832438
3035812438
3035790032
3035930187
3035741029
3035780958
3035705180
3035786419
3035787499
3035779612
3035926837
3035705427
3035779416
3035787437
3035704681
3035767487
3035729423
3035780697
3035787920
3035801611
3036176099
3035801403
3035902635
3035830703
3035844431
3035689831
3035994779
3035801661
3035800875
3035927257
3035606669
3035782750
3035789485
3035918701
3035801491
3035784681
3035787669
3035555626
3035685677
3035687766
3035788560
3035801453
3035720910
3035638052
3035745037
3035825758
3035801324
3035772406
3035637280
3035692474
3035786603
3035685914
3035789241
3035683538
3035835296
3035787994
3035781536
3035783467
3035692747
3035564366
3035800904
3035790850
3035800849
3035787164
3035756452
3035705130
3035716165
3035771969
3035767102
3035695531
3035898913
3035664702
3035772913
3035790111
3035790721
3035800746
3035789057
3035779208
3035690086
3035829039
3035687493
3035947465
3035780104
3035772597
3035694202
3035947714
3033073387
3035783053
3035821312
3035832440
3035553135
3035845851
3035807653
3035773187
3035844728
3035772145
